0.6441632338222305
0.7805347933803852
0.6908227832723074
0.7446632498095743
0.7213579693287144
0.7922281274977813
0.7424148257962959
0.7539925111086654
0.8103483529224107
0.7466291357181172
0.6603877965299682
0.6977415934067297
0.7852541387617671
0.735889921023166
0.7192611001602072
0.8060148678108152
0.7197033050107804
0.7079901400319757
0.6576007673246796
0.7379446560028307
0.7749410121013444
0.7878446089515172
0.6423817319632781
0.7141528267284545
0.8104305008969275
0.6296680323880741
0.7779077834015804
0.733752855336883
0.7251166723783873
0.5703219994435655
0.6514110327697474
0.6922338427461279
0.7740461822061818
0.7608202682663376
0.8281036734857553
0.7304394102118189
0.7962417936061599
0.7998816397290003
0.6899844691172388
0.7445234058267649
0.7099902778447915
0.7968366225800994
0.7342077277437137
0.7932968838194315
0.7808555481636307
0.7822080677642507
0.707923374284302
0.7869620142107331
0.6844549835320134
0.6851559897864669
0.8111605812605923
0.5220030364514643
0.678817128634901
0.7877928103323345
0.711059539928914
0.725078003866079
0.7332438374071729
0.7233687518217314
