0.8756920266467105
0.6110238290907234
0.9030051603446324
0.8979271446147833
0.8837625572738769
0.8609946776940627
0.728442422883806
0.9007079676677291
0.79382541382903
0.8068939998012242
0.6836574948102572
0.7909902271553338
0.8965477464729413
0.8375864698929799
0.8490820460301579
0.8804251811701366
0.9052338861347331
0.8407829894242171
0.7645160977054053
0.8876892568360331
0.8925234312131887
0.7716571914707684
0.8666136594221888
0.9055888294251299
0.8827431832211887
0.8816263103205949
0.8854225556102165
0.9076714844994843
0.7802389528510077
0.9170027715918174
0.9011693871025109
0.8355604839897739
0.9096170519169902
0.8496578120736772
0.8765095949984543
0.8552111611000308
0.8111956180320458
0.855175134716579
0.785603651387594
0.8770543570586056
0.913523067051058
0.7029909394643261
0.8332767544593485
0.9265601207319155
0.8890821454862028
0.906477194018902
0.8712264735014991
0.8497900776098876
0.8655877244247335
0.8654375054949112
0.8310055021177918
0.9175588595512245
0.8841370668708096
0.9196132447181468
0.8860865986733686
0.7626722617555274
0.9018602237150971
0.9372705089317518
0.714969359728727
0.8358347929464799
0.9297234040174087
0.7880457564653254
0.658231074529309
