1.0095054212030956
1.1025170316926183
1.0422248747594502
1.1234659285074735
1.0788241530890723
1.1134953265784495
1.0876562904499714
1.0919126063454065
1.085348226100737
1.05654588042788
1.1199439366576902
1.0827982921212227
1.096452911612564
1.1246821614185045
1.1106324455997107
1.103837925591619
1.019088523581369
1.1142525549157172
1.0916996874804104
1.0515691115497068
1.0859620593908972
1.0825685589204044
1.0579668825910251
1.0552551895491573
1.1027590555609286
1.0532990886283276
1.1096646880326815
1.069765569204401
1.1054764525906504
1.092780391789957
1.097481597426295
1.1117738469549974
1.069531963406141
1.1052485232387579
1.0985252596452229
1.1225414498677673
1.0609347180428164
1.1139983455524132
1.0800816872398755
1.0822165098119028
1.0708265355397832
1.0427781529431404
