0.8001947462126034
0.5696024869377148
0.73960814038058
0.5918537342569224
0.7855161388216025
0.8057339363332575
0.8033175853385979
0.7374447622606267
0.8389482069126665
0.6893569769962213
0.6700358300665756
0.7618865491081452
0.7139697801443098
0.6900388663930047
0.7272860453339023
0.8239822815914447
0.7426311303819707
0.7631363068481795
0.7521751112421291
0.6167033175677472
0.6576338182330779
0.7105887202458409
0.810091101824439
0.5476449056065311
0.7327447508008628
0.5931310775897741
0.7169637268806537
0.710188205062931
0.7053221550129211
0.8300772716998616
0.6331183069132043
0.6381621522617398
0.7020778088353491
0.5951358546705401
0.6037225430980367
0.6108930030039207
0.6788493348680035
0.6492368209770236
0.7468656672893833
0.8252164675700941
0.6902085819854149
0.6546371623641221
0.6621966466000486
0.6753992398402756
0.6145662025418617
0.717466830497781
0.7259678224693342
0.7683847299657578
0.7348848848739417
0.6017923363166832
0.6803651344852918
0.6636019645746617
0.7377554600683477
0.7642836181608713
0.6047388118954367
0.8181039158410232
0.647512648543396
0.7557159896409416
0.5432568057952127
0.8168922089160864
0.7490485821778422
0.6988457221966944
0.779391847643149
0.6982011888601276
0.6518408768222125
0.790231002922247
0.6382615729322294
0.7659331937519587
