0.9637036084986803
0.8920501597495326
0.8874277782827192
0.9671014591269452
0.9361810789457826
0.8860999824338924
0.9161272590285637
0.8592223852455056
0.9064915977239495
0.9683331247210079
0.9868282996361368
0.9047132718438137
0.8340723785657252
0.858720857225888
0.950283686568777
0.951882665920429
0.9051095970864345
0.8210779125798242
0.8960496727245577
0.872775675937179
0.8739909844078418
0.9010090134631237
0.9009373023126513
0.9303096590292498
0.9531423165529682
0.9701287168078299
0.9551464196035134
0.8392686663393337
0.9262955352589832
0.933668236044615
0.8076874163830101
0.8885282599204
0.7817794720149807
0.8783651078266306
0.9563946277987153
0.9224849875968018
0.9611517789239576
0.8576048129848997
0.9193260258495013
0.8712200815956376
0.9123732324199767
0.9080341650640635
0.8153960539022318
0.9269301746043958
0.9550746256774115
0.8672272769671069
0.9201636790395745
0.8702393809993154
0.7549148850784814
0.8638548830908135
0.8496157731144034
0.8342366580357616
0.8596377034035523
0.8645687830057841
0.7913650019872455
0.9436339209757878
0.9914601976423975
0.9398793222018659
1.0039359661321965
0.8759690755449581
0.9131608107264256
0.775657022881464
0.8873557665105098
0.9002168348056709
0.8492682064866136
0.9307261424668537
0.7914533860887296
