1.0046819664048046
0.6815725701612328
0.896708888589354
0.5430744123361702
0.7810799274591473
0.5664617786333334
1.01914069129681
0.9853629694540088
0.5749762606847645
0.5650818872313418
0.5433396420188138
0.6596108721788126
0.9764318688810615
0.9633577477126185
0.5804213660954503
0.8779546174474103
0.4969285620788258
0.9026185760925595
0.526588077607955
0.543115095738734
0.6196339618895005
0.8376693002029179
0.8025326600910343
0.9076114959413413
0.9760256109905058
0.7925939808946038
0.5985152271835329
0.6521307892568905
0.7359302630572844
0.5660952563324759
0.9691356412648839
0.9660800318990913
0.847029863465868
0.49522223127509846
0.47413322812815895
0.8780604536715296
0.4513464375558342
0.5486314051185612
0.43057391936827044
0.5794201321512285
0.7850721576960721
0.9950314491754468
0.7536222490831667
0.6733286462471504
0.8082922644198799
0.6110496138337539
0.7069562677663327
0.5839100790917587
0.917564811785949
0.6876077048756897
0.4497234840353511
0.9588967772918469
0.5502013862382458
0.6458443326835671
0.9867316788131248
0.3844369984937424
0.5847582506209699
0.8036161786065992
0.7263978402935924
0.8276715285487242
0.8763411498679936
0.5990813010124771
0.5620440997633073
0.928277754522521
0.787011932962847
0.9983841323807323
0.639000858302368
0.418905337658893
0.6792883808729786
0.8547772214763707
0.7747663775686937
0.8246401521216078
0.489526520834392
