0.48303580548364433
0.4786501664652894
0.47870269771636437
0.4826890679807885
0.48426601888913284
0.4822634969730586
0.47976280579578706
0.48391463436141097
0.483122789619871
0.4793542228648578
0.47908132877235055
0.47958626656166853
0.48244709252775686
0.4812275909585632
0.48493171574024424
0.4836346714947721
0.4824394970978924
0.4812777906022211
0.4789006316516871
0.4845626023655111
0.4823669273495291
0.48345419925476074
0.4822396260830832
0.4819249299078746
0.4833429565148599
0.48269116396638284
0.48103730099691266
0.48214173526881243
0.482609972845302
0.47885859019430543
0.48280845643583314
0.4806719250570704
0.48154047549750484
0.4793333428008206
0.4807937355137829
0.48204946975803176
0.4840432734385569
0.48342590433140903
0.4834114253829041
0.48323481773392957
0.48052858835285583
0.48325633475558
0.47787321321107823
0.48359999712751073
