0.9792140798608577
0.8392297873034218
0.44467988972750744
0.11787001630629369
0.01991951863315668
0.38060299286303734
0.37744711052196517
0.122741389633426
0.48175680348802136
0.9756783029237582
0.42202553448696706
1.0256706801631892
1.0647463022252521
0.6016054989875852
0.9866098656480944
0.4105994000379657
0.7823598673314628
0.3295711826786823
0.021000858620928247
0.45514448762808374
0.04318483443560503
0.7503786988324705
0.5627850667949063
0.02816806890539526
0.18210904608193887
0.03401277445407283
0.12013675119956581
0.9400829125396543
0.6269757430536463
0.8273989701495363
0.39958085066295124
