0.4398144217604033
0.4306206200838299
0.4283718364602062
0.44013639532857896
0.4321421627186419
0.44221139856369135
0.43425320503201537
0.4320253794628428
0.43393583317110124
0.44478295014122177
0.43548717366743434
0.43816862873869716
0.4386807402320711
0.4279882320670994
0.43906854963086883
0.43679425943104283
0.43636795093230324
0.43205828028891596
0.4366643056743421
0.4359509217924178
0.4335935947115158
0.42760954432402853
0.4383000141767987
0.4274424110178553
0.43426340021252924
0.4378184438354391
0.4463197756071375
0.43082586510316284
0.4457277886959463
0.4327298575718038
0.43959489100665006
0.43273685295429604
0.42260012177485345
0.4237944909579824
0.42654755439685926
0.4376586408623491
0.42607191567645347
0.4372696737924723
0.4400394042653154
0.4318471119649221
0.439077445925775
0.4468246947396247
0.4342167313166117
0.4265577136869407
0.42907268604976373
