0.9960068818243851
1.026097274578031
1.0264085999365857
0.9895941308713625
0.949915721126969
1.0043181396363325
0.9770613734615579
1.0364251943818938
1.0366366693559674
0.9877451769973481
1.0493873500854791
0.9819916658446237
1.0198730930831514
1.030979877907588
0.9693809616433074
1.0243216218891504
1.000606176732133
0.9859338057589583
1.0084233362661084
0.950916023720887
1.0201238014736995
1.016209612264151
1.0073333382505878
1.0307091666331598
1.0229207990869185
1.0369770667453737
0.9656399940245773
0.994680305968501
1.0029283363573862
0.9571780989054182
1.0066789630038262
1.0185071029672232
0.9955974071024883
0.9817902974881066
1.0277993342104725
1.0402626089650144
0.9870177188771554
0.9539673318448005
0.9949445249767707
0.9553050143906127
0.968271674947914
1.0211690655066405
0.913292668295436
