0.9637036084986803
0.8920501597495326
0.8874277782827192
0.9671014591269452
0.9361810789457826
0.8860999824338924
0.9161272590285637
0.8592223852455056
0.9064915977239495
0.9683331247210079
0.9868282996361368
0.9047132718438137
0.8340723785657252
0.858720857225888
0.950283686568777
0.951882665920429
0.9051095970864345
0.8210779125798242
0.8960496727245577
0.872775675937179
0.8739909844078418
0.9010090134631237
0.9009373023126513
0.9303096590292498
0.9531423165529682
0.9701287168078299
0.9551464196035134
0.8392686663393337
0.9262955352589832
0.933668236044615
0.8076874163830101
0.8885282599204
0.7817794720149807
0.8783651078266306
0.9563946277987153
0.9224849875968018
0.9611517789239576
0.8576048129848997
0.9193260258495013
0.8712200815956376
0.9123732324199767
