0.5493041066699806
0.6084108171095124
0.6333161803429012
0.7279906718419258
0.7033410020247673
0.7121615112692311
0.5747709653792669
0.6008293283622621
0.5193526624878081
0.6801112727779945
0.6449620951300002
0.6895685937391675
0.5723813088437739
0.5847480186656249
0.6443969027516402
0.5827443378154035
0.553847941272257
0.6575875554391736
0.6645954888919792
0.6085255580436433
0.5301318229094406
0.611393871417863
0.5825407385448269
0.6755362546395106
0.6120345478495095
0.6405394372251817
0.6650718110057867
0.6975810968078032
0.7357142925416863
0.7083689954223066
0.7489101368829024
0.5888982269973194
0.5902305418243192
0.6128549012753143
0.7512813799697702
0.6243540358178752
0.6479715963510296
0.5730945784802945
0.6225269742210127
0.700937387948741
0.6911263323972394
0.6362994604047099
0.5903695922668413
