1.305078089352653
1.209938582273091
1.2286439503173228
1.2651893057229195
1.2576540684990771
1.1712405103376984
1.2388100701130238
1.296134007612169
1.2770843786539068
1.2437575525179714
1.2680500517074151
1.170889076029513
1.2848292321813748
1.225032465104048
1.2787123870602397
1.2162776656284542
1.3213727233801462
1.2385791471669445
1.2433043308417648
1.2563998054231191
1.277829706177381
1.2748756628877884
1.2173869553359455
1.2057818684262593
1.170806330818995
1.3169163304383296
1.2486361168096713
1.342659526751425
1.2786138213752558
1.2941398826738313
1.2804904745371242
1.1942283734608279
1.1857181566485142
1.2531812481856455
1.2610481735911705
1.1762905911641468
1.2642725356270597
1.2517633502170498
1.2721581773016228
1.19902332106611
